# Blender 3.6.1
# www.blender.org
mtllib demo_floor1.mtl
o å¹³é¢
v -110.635513 0.000408 5408.509277
v 110.635513 0.000408 5408.509277
v -110.635513 -0.000409 -5412.373535
v 110.635513 -0.000409 -5412.373535
v -15.396786 6.717465 -34.593502
v -8.936855 12.029587 -32.158016
v -14.531799 9.438695 -42.823185
v -8.071868 14.750817 -40.387699
v -9.617337 0.372609 -36.084042
v -3.157406 5.684731 -33.648556
v -8.752350 3.093838 -44.313725
v -2.292419 8.405960 -41.878239
v 4.752025 0.577917 -21.710533
v 6.272264 4.753695 -20.416462
v 4.412524 2.056630 -26.083290
v 5.932763 6.232409 -24.789221
v 9.110520 -0.763408 -22.502516
v 10.630760 3.412370 -21.208447
v 8.771019 0.715306 -26.875275
v 10.291258 4.891084 -25.581203
v -226.616730 -6.850480 -702.889465
v -116.338959 83.832985 -661.313171
v -211.850494 39.603745 -843.378723
v -101.572723 130.287216 -801.802429
v -127.955521 -115.163795 -728.334534
v -17.677757 -24.480318 -686.758240
v -113.189285 -68.709572 -868.823792
v -2.911522 21.973906 -827.247498
v 70.676926 -71.155319 -958.772034
v 105.159431 68.570938 -921.344849
v 45.244995 -27.422674 -1098.607422
v 79.727509 112.303581 -1061.180298
v 213.075775 -97.180161 -992.809265
v 247.558289 42.546101 -955.382080
v 187.643860 -53.447510 -1132.644653
v 222.126358 86.278748 -1095.217529
vn -0.0000 1.0000 -0.0000
vn -0.6635 0.7284 0.1711
vn 0.0993 0.3124 -0.9447
vn 0.6635 -0.7284 -0.1711
vn -0.0993 -0.3124 0.9447
vn -0.7416 -0.6098 -0.2796
vn 0.7416 0.6098 0.2796
vn -0.9417 0.2898 0.1711
vn -0.0734 0.3195 -0.9447
vn 0.9417 -0.2898 -0.1711
vn 0.0734 -0.3195 0.9447
vn -0.3285 -0.9022 -0.2796
vn 0.3285 0.9022 0.2796
vn -0.9576 0.1750 0.2289
vn -0.1710 0.2941 -0.9404
vn 0.9576 -0.1750 -0.2289
vn 0.1710 -0.2941 0.9404
vn -0.2319 -0.9396 -0.2517
vn 0.2319 0.9396 0.2517
vn -0.0733 0.3195 -0.9447
vt 1.000000 0.000000
vt 0.000000 1.000000
vt 0.000000 0.000000
vt 1.000000 1.000000
s 0
f 2/1/1 3/2/1 1/3/1
f 2/1/1 4/4/1 3/2/1
f 5/3/2 8/3/2 7/3/2
f 8/3/3 11/3/3 7/3/3
f 12/3/4 9/3/4 11/3/4
f 10/3/5 5/3/5 9/3/5
f 11/3/6 5/3/6 7/3/6
f 12/3/7 6/3/7 10/3/7
f 14/3/8 15/3/8 13/3/8
f 15/3/9 20/3/9 19/3/9
f 20/3/10 17/3/10 19/3/10
f 18/3/11 13/3/11 17/3/11
f 19/3/12 13/3/12 15/3/12
f 16/3/13 18/3/13 20/3/13
f 22/3/2 23/3/2 21/3/2
f 24/3/3 27/3/3 23/3/3
f 28/3/4 25/3/4 27/3/4
f 26/3/5 21/3/5 25/3/5
f 27/3/6 21/3/6 23/3/6
f 24/3/7 26/3/7 28/3/7
f 30/3/14 31/3/14 29/3/14
f 32/3/15 35/3/15 31/3/15
f 36/3/16 33/3/16 35/3/16
f 34/3/17 29/3/17 33/3/17
f 35/3/18 29/3/18 31/3/18
f 32/3/19 34/3/19 36/3/19
f 5/3/2 6/3/2 8/3/2
f 8/3/3 12/3/3 11/3/3
f 12/3/4 10/3/4 9/3/4
f 10/3/5 6/3/5 5/3/5
f 11/3/6 9/3/6 5/3/6
f 12/3/7 8/3/7 6/3/7
f 14/3/8 16/3/8 15/3/8
f 15/3/20 16/3/20 20/3/20
f 20/3/10 18/3/10 17/3/10
f 18/3/11 14/3/11 13/3/11
f 19/3/12 17/3/12 13/3/12
f 16/3/13 14/3/13 18/3/13
f 22/3/2 24/3/2 23/3/2
f 24/3/3 28/3/3 27/3/3
f 28/3/4 26/3/4 25/3/4
f 26/3/5 22/3/5 21/3/5
f 27/3/6 25/3/6 21/3/6
f 24/3/7 22/3/7 26/3/7
f 30/3/14 32/3/14 31/3/14
f 32/3/15 36/3/15 35/3/15
f 36/3/16 34/3/16 33/3/16
f 34/3/17 30/3/17 29/3/17
f 35/3/18 33/3/18 29/3/18
f 32/3/19 30/3/19 34/3/19
